TestesReduce = {
0: [

Procs: 1         Threads: 1
0.638096, 1.048829, 1.466278, 1.889302, 2.418089, 2.916438, 3.801342, 3.677454, 4.271711, 4.391325, 4.779603, 5.165467, 5.601897, 5.985576, 6.503527, 7.179079, 7.367599, 7.742696, 8.230680, 8.752080, 9.268311, 9.582993, 9.898221, 10.157651, 10.487630, 11.024748, 12.086980, 11.830923, 12.116647, 12.482471, 12.898342, 13.296112, 13.669385, 14.168121, 14.471777, 14.901769, 15.322785, 15.765089, 16.623641, 16.486237, 16.892600, 17.295107, 19.394966, 18.493542, 18.654605, 18.980146, 19.454992, 19.768430, 20.078149, 20.544319, 21.042419, 
Procs: 1         Threads: 2
0.636631, 1.018631, 1.399969, 1.785797, 2.158338, 2.564113, 2.900127, 3.274909, 3.682495, 4.107553, 4.433391, 4.822003, 5.163451, 5.526635, 5.916444, 6.269546, 6.649078, 7.015959, 7.405059, 7.762263, 8.143126, 8.625320, 8.918649, 9.267944, 9.651088, 10.115884, 10.526938, 10.958826, 11.567914, 11.731055, 12.254211, 12.555180, 13.034805, 13.414201, 13.687162, 13.858102, 14.418773, 14.751303, 15.192487, 16.469654, 15.780077, 16.100838, 16.444999, 17.046510, 17.177428, 17.852625, 18.088948, 18.381611, 18.806654, 19.186976, 19.446889, 
Procs: 2         Threads: 1
0.660356, 0.854349, 1.051492, 1.252296, 1.497042, 1.697660, 1.905096, 2.103912, 2.330920, 2.517116, 2.707993, 2.992426, 3.175223, 3.851953, 3.889370, 4.866968, 4.759447, 4.722431, 5.702136, 5.139133, 5.382886, 6.144944, 5.563893, 5.529722, 5.661519, 5.756653, 6.006068, 6.227458, 6.520033, 6.589557, 7.368867, 8.017702, 7.929928, 8.103842, 8.257667, 7.971292, 8.126548, 8.557334, 8.622947, 8.724639, 8.927900, 9.171834, 9.382820, 9.601681, 9.922211, 10.728896, 11.482673, 12.085872, 11.335758, 12.759350, 12.671137, 
Procs: 2         Threads: 2
0.725018, 1.311040, 1.150688, 1.429074, 1.542246, 1.759819, 2.010533, 2.283921, 2.414171, 2.727739, 2.858534, 3.103222, 3.272405, 3.460334, 3.622287, 3.852404, 4.026153, 4.243592, 4.501971, 4.673693, 4.950716, 5.092547, 5.614549, 5.550408, 5.955429, 5.781651, 5.786784, 6.187199, 6.304366, 6.481703, 6.831623, 6.941243, 7.157144, 7.320789, 7.396518, 7.626395, 7.990096, 8.169669, 8.459612, 8.824437, 8.599401, 8.748008, 8.973485, 9.116761, 9.292033, 9.506262, 9.684752, 9.876581, 10.064603, 10.511755, 10.471157, 
Procs: 4         Threads: 1
0.662861, 0.793248, 0.893474, 1.046272, 1.170402, 1.297284, 1.399366, 1.532890, 1.650589, 1.791798, 1.913929, 2.038052, 2.142342, 2.266862, 2.429659, 2.514008, 2.619298, 2.782295, 2.987047, 3.288254, 3.119357, 3.235050, 3.435373, 3.539676, 3.666077, 3.799520, 3.894056, 4.396193, 4.654134, 4.282499, 4.368224, 4.635949, 4.676592, 4.806378, 4.907872, 5.112892, 5.194639, 6.511017, 6.294565, 6.415686, 6.245983, 5.793989, 5.884390, 6.060907, 6.501063, 6.396177, 6.501179, 6.684463, 6.753957, 7.596496, 8.118132, 
Procs: 4         Threads: 2
0.692376, 0.790577, 0.881759, 0.940827, 1.013370, 1.116811, 1.382842, 1.339308, 1.528795, 1.644834, 1.940522, 1.862537, 1.865785, 1.853615, 2.098814, 2.382864, 2.665953, 2.324325, 2.505184, 2.612681, 2.638204, 3.197797, 2.736126, 2.989168, 3.116092, 3.188174, 3.654971, 3.384180, 3.499120, 3.564187, 3.737652, 3.582231, 3.928697, 4.082448, 4.022647, 4.470821, 4.148441, 4.868543, 4.598275, 4.319747, 5.416614, 4.566604, 4.684390, 5.326024, 5.665373, 4.632375, 4.751601, 4.835881, 5.155615, 5.981487, 5.497901, 
Procs: 8         Threads: 1
0.783570, 0.872988, 1.134384, 1.256624, 1.344556, 1.404695, 1.406066, 1.419563, 1.647734, 1.459892, 1.660314, 1.699419, 1.740408, 1.842047, 2.043821, 2.567936, 2.443769, 2.726962, 2.899455, 3.251087, 2.932760, 3.479163, 3.507428, 3.189981, 3.145970, 3.902842, 3.479459, 3.209860, 3.711876, 3.571343, 3.428121, 3.519027, 3.739343, 3.879801, 3.740516, 4.058877, 4.008828, 4.058136, 4.419736, 4.683653, 4.470285, 4.604129, 4.356284, 4.626552, 5.077817, 5.809457, 6.590870, 5.619454, 5.859766, 5.614928, 6.451066, 
Procs: 8         Threads: 2
0.760840, 0.983093, 0.998871, 0.970886, 1.380734, 1.210569, 1.297472, 1.400020, 1.590427, 1.521901, 1.628171, 2.018832, 2.524290, 2.315095, 2.491034, 2.193822, 2.353504, 2.191614, 2.163439, 3.722293, 2.332502, 2.414699, 2.663862, 2.618128, 2.639061, 3.026957, 3.402916, 3.083135, 3.223714, 3.214662, 3.249071, 3.262399, 3.280326, 3.358813, 3.502079, 3.595781, 3.531333, 3.729916, 3.711709, 4.037336, 3.934962, 4.027976, 4.088578, 4.321509, 4.441278, 4.473203, 4.666400, 4.571656, 4.661288, 4.723388, 4.645696, ]
