TestesGather = {

Procs: 1         Threads: 1
0.734016, 1.152502, 1.594797, 1.974472, 2.510636, 2.858006, 3.333165, 4.063358, 4.133106, 4.394412, 4.740157, 5.174673, 5.528191, 5.981439, 6.371394, 6.916596, 7.363128, 7.716344, 8.851972, 9.010901, 9.405149, 9.993762, 10.346825, 10.854000, 10.502044, 10.871167, 11.291550, 11.868842, 12.116173, 13.103804, 12.970216, 13.319563, 13.689108, 14.180747, 14.571216, 14.929833, 15.486802, 16.059976, 16.194651, 16.630105, 17.166973, 17.497640, 17.817207, 18.144021, 18.862629, 19.246094, 19.389172, 21.110889, 21.101972, 22.062614, 22.201296, 
Procs: 1         Threads: 2
0.657805, 1.040772, 1.496269, 1.793424, 2.180655, 2.620399, 3.020517, 3.482139, 3.846011, 4.329307, 4.602122, 5.010064, 5.282251, 5.569011, 5.954252, 6.329997, 6.686020, 7.071239, 7.433304, 7.816179, 8.184711, 8.575388, 8.926952, 9.714087, 10.578658, 10.715811, 10.811502, 10.866207, 11.232921, 11.607466, 11.968026, 12.347160, 12.742313, 13.418662, 14.057553, 13.912119, 14.247764, 14.607839, 14.983490, 15.342818, 15.854967, 16.144598, 16.481580, 16.952739, 17.307533, 17.731790, 17.982390, 18.379457, 18.953024, 19.356031, 19.510704, 
Procs: 2         Threads: 1
0.645086, 0.860085, 1.070692, 1.281684, 1.514732, 1.709956, 1.915948, 2.122862, 2.341731, 2.546654, 2.764766, 2.966421, 3.174152, 3.376842, 3.594003, 3.835100, 4.043765, 4.281391, 4.511223, 4.645402, 4.908544, 5.025594, 5.877474, 5.480558, 5.700841, 5.870075, 6.075710, 6.287178, 6.515412, 6.686202, 6.959794, 7.082378, 7.529566, 7.540557, 7.834917, 8.068381, 8.130236, 8.385576, 8.666310, 8.770319, 9.075157, 9.326193, 9.643441, 9.575108, 9.847194, 10.098119, 10.276987, 10.508886, 10.777274, 10.914522, 11.138427, 
Procs: 2         Threads: 2
0.665325, 0.849605, 1.055455, 1.235201, 1.462205, 1.643257, 1.827673, 2.037649, 2.213571, 2.408005, 2.626570, 2.809012, 3.004079, 3.196421, 3.389194, 3.590353, 3.775778, 3.978252, 4.201265, 4.368481, 4.558560, 4.761070, 4.964022, 5.149394, 5.372293, 5.536996, 5.735399, 5.930066, 6.574832, 6.358811, 6.612232, 6.746507, 6.932897, 7.115279, 7.307735, 7.551785, 7.697373, 7.950493, 8.105276, 8.316934, 8.487816, 8.696761, 8.885535, 9.401529, 9.294180, 9.543792, 10.134929, 10.714948, 10.387810, 10.346387, 10.498422, 
Procs: 4         Threads: 1
0.693008, 0.772865, 0.920756, 1.057956, 1.154793, 1.296385, 1.427694, 1.554458, 1.691077, 1.808404, 1.978066, 2.099956, 2.199924, 2.351495, 2.450607, 2.677276, 2.791924, 2.847393, 2.983349, 3.034474, 3.176945, 3.491438, 4.021412, 3.713466, 3.728014, 3.987876, 4.133281, 4.220064, 4.364070, 4.736128, 4.988698, 4.735624, 4.701072, 4.945985, 5.348064, 5.465012, 5.545774, 5.502630, 5.939253, 5.615517, 5.732730, 5.804520, 6.002390, 6.063172, 6.246330, 6.709900, 6.670678, 6.668928, 6.721562, 6.928950, 6.980080, 
Procs: 4         Threads: 2
0.668042, 0.741985, 0.882374, 0.938140, 1.048972, 1.163014, 1.205484, 1.291957, 1.364715, 1.457816, 1.568473, 1.661207, 1.704280, 1.889344, 1.890250, 2.051690, 2.068189, 2.161788, 2.325198, 2.454482, 2.529217, 2.636670, 2.587751, 2.694852, 2.888747, 2.856337, 2.932432, 3.163721, 3.258566, 3.353490, 3.423068, 3.628538, 3.602295, 3.670080, 3.646979, 3.926569, 4.034254, 3.904731, 4.026126, 4.265086, 4.362742, 4.269424, 4.507241, 4.400260, 4.704073, 4.655764, 4.882962, 4.860326, 5.136955, 5.014318, 5.032790, 
Procs: 8         Threads: 1
0.686544, 0.789726, 0.859385, 0.978333, 1.048311, 1.121728, 1.212505, 1.360643, 1.421104, 1.496770, 1.578879, 1.724303, 1.726114, 1.825272, 1.934675, 1.998790, 2.311772, 2.282398, 2.374951, 2.359740, 2.454538, 2.641571, 2.707551, 2.680505, 2.814255, 2.879322, 3.107076, 3.092122, 3.262096, 3.226155, 3.537019, 3.479751, 3.500045, 3.598358, 3.845831, 3.978825, 3.859508, 4.123089, 4.019634, 4.097520, 4.183568, 4.508889, 4.463758, 5.414399, 4.571190, 4.649290, 5.002164, 4.798498, 4.969823, 5.279898, 5.128130, 
Procs: 8         Threads: 2
0.670713, 0.773512, 0.836392, 0.903127, 1.008215, 1.123100, 1.181363, 1.216080, 1.323064, 1.452635, 2.631734, 1.694498, 2.343468, 2.167813, 2.215881, 2.395412, 2.500201, 2.384834, 2.548149, 2.237077, 2.987585, 2.616475, 3.354064, 2.921042, 2.738513, 4.545555, 3.403378, 3.560281, 3.550106, 3.686216, 4.337956, 3.597970, 3.994864, 3.930910, 4.293699, 4.270545, 4.799588, 4.072213, 4.309508, 4.041308, 3.862639, 4.247989, 4.129782, 4.187516, 4.156945, 4.530976, 4.339523, 4.519077, 4.529140, 4.602232, 5.906177, }
Finalizado MPI Gather 